
% Stratosphere water vapor
     % Stratosphere temperature
     TS(1:36)=2.0;  TS(36)=1.0;  TS(35)=1.0; TS(34)=1.0; TS(33)=0.7; TS(32)=1.0; TS(31)=1.0; TS(30)=1.0; TS(29)=0.8; TS(28)=0.5; TS(27)=0.5; TS(26)=0.5; TS(25)=0.5; TS(24)=0.5; TS(23)=0.5; TS(22)=0.5; TS(21)=0.5; TS(20)=0.5; TS(19)=0.5; TS(18)=1.0; TS(17)=1.0; TS(16)=1.0; TS(15)=1.0; TS(14)=1.0; TS(13)=1.0; TS(12)=1.0; TS(11)=1.0; TS(10)=1.0; TS(9)=1.0; TS(8)=1.0; TS(7)=1.0; TS(6)=1.0; TS(5)=1.0; TS(4)=1.0; TS(3)=1.0; TS(2)=1.0; TS(1)=1.0;              
     % Upper troposphere temperature
     TUT(1:36)=2.0; TUT(36)=1.0; TUT(35)=1.0; TUT(34)=1.0; TUT(33)=1.0; TUT(32)=0.8; TUT(31)=0.8; TUT(30)=0.8; TUT(29)=0.8; TUT(28)=0.5; TUT(27)=0.4; TUT(26)=0.8; TUT(25)=0.5; TUT(24)=0.5; TUT(23)=0.5; TUT(22)=0.5; TUT(21)=0.5; TUT(20)=0.5; TUT(19)=0.2; TUT(18)=0.9; TUT(17)=0.9; TUT(16)=0.9; TUT(15)=1.0; TUT(14)=0.9; TUT(13)=0.9; TUT(12)=0.9; TUT(11)=0.4; TUT(10)=0.9; TUT(9)=1.0; TUT(8)=1.0; TUT(7)=1.0; TUT(6)=0.7; TUT(5)=1.0; TUT(4)=1.0; TUT(3)=1.0; TUT(2)=1.0; TUT(1)=1.0;   
     % Lower troposphere temperature
     TLT(1:36)=2.0; TLT(36)=1.0; TLT(35)=1.5; TLT(34)=1.0; TLT(33)=0.5; TLT(32)=0.3; TLT(31)=0.3; TLT(30)=0.3; TLT(29)=0.3; TLT(28)=0.3; TLT(27)=0.2; TLT(26)=0.2; TLT(25)=0.12; TLT(24)=0.2; TLT(23)=0.2; TLT(22)=0.1; TLT(21)=0.1; TLT(20)=0.2; TLT(19)=0.3 ;TLT(18)=0.65; TLT(17)=0.65; TLT(16)=0.65; TLT(15)=0.6; TLT(14)=0.4;  TLT(13)=0.4; TLT(12)=0.4; TLT(11)=0.4; TLT(10)=0.4; TLT(9)=0.4; TLT(8)=0.5; TLT(7)=0.5; TLT(6)=0.5; TLT(5)=0.6; TLT(4)=0.5; TLT(3)=1.0; TLT(2)=1.0; TLT(1)=1.0;  
     % Stratosphere water vapor
     WVS(1:36)=1.0; WVS(36)=0.5; WVS(35)=0.5; WVS(34)=.5; WVS(33)=0.4; ...
               WVS(32)=0.5; WVS(31)=0.5; WVS(30)=0.5; WVS(29)=0.5; ...
               WVS(28)=0.5; WVS(27)=0.5; WVS(26)=0.4; WVS(25)=0.3; ...
               WVS(24)=0.15; WVS(23)=0.2; WVS(22)=0.3; WVS(21)=0.3; ...
               WVS(20)=0.3; WVS(19)=0.3; WVS(18)=0.3; WVS(17)=0.3; ...
               WVS(16)=0.3; WVS(15)=0.3; WVS(14)=0.3; WVS(13)=0.3; ...
               WVS(12)=0.3; WVS(11)=0.3; WVS(10)=0.3; WVS(9)=0.3; ...
               WVS(8)=0.3; WVS(7)=0.3; WVS(6)=0.25; WVS(5)=0.25; ...
               WVS(4)=0.25; WVS(3)=.25; WVS(2)=0.25; WVS(1)=0.25;   
     % Troposphere water Vapor
     WVT(1:36)=1.0; WVT(36)=0.3; WVT(35)=0.3; WVT(34)=0.5; WVT(33)=0.2; ...
               WVT(32)=0.2; WVT(31)=0.1; WVT(30)=0.2; WVT(29)=0.2; ...
               WVT(28)=0.3; WVT(27)=0.3; WVT(26)=0.2; WVT(25)=0.15; ...
               WVT(24)=0.1; WVT(23)=0.1; WVT(22)=0.18; WVT(21)=0.18; ...
               WVT(20)=0.18; WVT(19)=0.1; WVT(18)=0.10; WVT(17)=0.08; ...
               WVT(16)=0.08; WVT(15)=0.10; WVT(14)=0.1; WVT(13)=0.1; ...
               WVT(12)=0.1; WVT(11)=0.1; WVT(10)=0.1; WVT(9)=0.20; ...
               WVT(8)=0.14; WVT(7)=0.14; WVT(6)=0.14; WVT(5)=0.14; ...
               WVT(4)=0.14; WVT(3)=0.14; WVT(2)=0.08; WVT(1)=0.08;     
     % Trace Gases
     CO2(1:36)=5.0; CO2(36)=5.0; CO2(35)=5.0; CO2(34)=5.0; CO2(33)=5.0; ...
               CO2(32)=5.0; CO2(31)=5.0; CO2(30)=5.0; CO2(29)=5.0; ...
               CO2(28)=5.0; CO2(27)=5.0; CO2(26)=5.0; CO2(25)=5.0; ...
               CO2(24)=5.0; CO2(23)=5.0; CO2(22)=5.0; CO2(21)=5.0; ...
               CO2(20)=5.0; CO2(19)=5.0; CO2(18)=5.0; CO2(17)=5.0; ...
               CO2(16)=5.0; CO2(15)=5.0; CO2(14)=5.0; CO2(13)=5.0; ...
               CO2(12)=5.0; CO2(11)=5.0; CO2(10)=5.0; CO2(9)=5.0; ...
               CO2(8)=5.0; CO2(7)=5.0; CO2(6)=5.0; CO2(5)=5.0; ...
               CO2(4)=5.0; CO2(3)=5.0; CO2(2)=5.0; CO2(1)=5.0;  
     O3(1:36)=1.0;  O3(36)=1.0;  O3(35)=1.0;  O3(34)=1.0; O3(33)=1.0; ...
              O3(32)=2.0; O3(31)=2.0; O3(30)=2.0; O3(29)=2.0; ...
              O3(28)=2.0; O3(27)=2.0; O3(26)=2.0;O3(25)=2.0;O3(24)=2.0; ...
              O3(23)=2.0; O3(22)=2.0; O3(21)=2.0; O3(20)=2.0; ...
              O3(19)=2.0; O3(18)=2.0; O3(17)=2.0; O3(16)=2.0; ...
              O3(15)=2.0; O3(14)=2.0; O3(13)=2.0; O3(12)=2.0; ...
              O3(11)=2.0; O3(10)=2.0; O3(9)=2.0; O3(8)=2.0; O3(7)=2.0; ...
              O3(6)=2.0; O3(5)=2.0; O3(4)=2.0; O3(3)=2.0; O3(2)=2.0; ...
              O3(1)=2.0;  
     N2O(1:36)=1.0; N2O(36)=1.0; N2O(35)=1.0; N2O(34)=1.0; N2O(33)=1.0; ...
               N20(32)=2.0; N20(31)=2.0; N2O(30)=2.0; N2O(29)=2.0; ...
               N2O(28)=2.0; N2O(27)=2.0; N2O(26)=2.0; N2O(25)=2.0; ...
               N2O(24)=2.0; N2O(23)=2.0; N2O(22)=2.0; N2O(21)=2.0; ...
               N2O(20)=2.0; N2O(19)=2.0; N20(18)=2.0; N2O(17)=2.0; ...
               N2O(16)=2.0; N2O(15)=2.0; N2O(14)=2.0; N2O(13)=2.0; ...
               N2O(12)=2.0; N2O(11)=2.0; N2O(10)=2.0; N2O(9)=2.0; ...
               N2O(8)=2.0; N2O(7)=2.0; N2O(6)=2.0; N2O(5)=2.0; ...
               N2O(4)=2.0; N2O(3)=2.0; N2O(2)=2.0; N2O(1)=2.0;    
     CH4(1:36)=1.0; CH4(36)=1.0; CH4(35)=1.0; CH4(34)=1.0; CH4(33)=1.0; ...
               CH4(32)=2.0; CH4(31)=1.0; CH4(30)=1.0; CH4(29)=1.0; ...
               CH4(28)=1.0; CH4(27)=1.0; CH4(26)=1.0; CH4(25)=1.0; ...
               CH4(24)=1.0; CH4(23)=1.0; CH4(22)=1.0; CH4(21)=1.0; ...
               CH4(20)=1.0; CH4(19)=1.0; CH4(18)=1.0; CH4(17)=1.0; ...
               CH4(16)=1.0; CH4(15)=1.0; CH4(14)=1.0; CH4(13)=1.0; ...
               CH4(12)=1.0; CH4(11)=1.0; CH4(10)=1.0; CH4(9)=1.0; ...
               CH4(8)=1.0; CH4(7)=1.0; CH4(6)=1.0; CH4(5)=1.0; ...
               CH4(4)=1.0; CH4(3)=1.0; CH4(2)=1.0; CH4(1)=1.0;  
     CFC11(1:36)=1.0; 
     % Surface temperature  
     STEMP(1:36)=1.0; STEMP(36)=0.1; STEMP(35)=0.1; STEMP(34)=0.1; ...
         STEMP(33)=0.1; STEMP(32) = 0.1; STEMP(31)=0.1; STEMP(30)=0.1; ...
         STEMP(29)=3.0; STEMP(28)=0.1; STEMP(27)=0.1; STEMP(26)=0.1; ...
         STEMP(25)=0.1; STEMP(24)=0.1; STEMP(23)=0.1; STEMP(22)=0.1; ...
         STEMP(21)=3.0;  STEMP(20)=3.0; STEMP(19)=3.0; STEMP(18)=3.0; ...
         STEMP(17)=3.0; STEMP(16)=0.2; STEMP(15)=0.2; STEMP(14)=0.2; ...
         STEMP(13)=0.2; STEMP(12)=0.2; STEMP(11)=0.2; STEMP(10)=0.2; ...
         STEMP(9)=0.2; STEMP(8)=0.2; STEMP(7)=0.2; STEMP(6)=0.2; ...
         STEMP(5)=0.2; STEMP(4)=0.2; STEMP(3)=0.2; STEMP(2)=0.2; ...
         STEMP(1)=0.2;  
     % Correlation length (in grid units) 
     C_L(1:36) = 1.5; C_L(36)=2.1; C_L(35)=1.8; C_L(34)=1.8; ...
         C_L(33)=1.8; C_L(32) =2.2; C_L(31)=2.2; C_L(30)=2.2;C_L(29)=2.2; ...
         C_L(28)=2.2; C_L(27)=2.2;   C_L(26)=2.2; C_L(25)=2.2; ...
         C_L(24)=2.2; C_L(23)=2.2; C_L(22)=2.2; C_L(21)=2.2; ...
         C_L(20)=2.2; C_L(19)=2.2; C_L(18)=2.2;  C_L(17)=2.2; ...
         C_L(16)=2.2; C_L(15)=2.2; C_L(14)=2.2; C_L(13)=2.2; ...
         C_L(12)=2.2; C_L(11)=2.2;  C_L(10)=2.2; C_L(9)=2.2; C_L(8)=2.2; ...
         C_L(7)=2.2; C_L(6)=2.2; C_L(5)=2.2; C_L(4)=2.2; C_L(3)=2.2; ...
         C_L(2)=2.2; C_L(1)=2.2;  
